0000101110011000
0001101100001000
0010101100100000
0011100100000000
0100101110011000
0101101100100000
0110000110000000
0111000110000000
1000001110011001
1001001100100001
1010001100001001
1011001110110001
1100001110110001
1101101100110001
1110100110000001
1111100110000001
1000001100010010
1001000100000010
1010001110110010
1011001100100010
1100000100000010
1101001110110010
1110100110000010
1111100110000010
0000100100000011
0001001100110011
0010101100111011
0011101100100011
0100101110011011
0101000110000011
0110000110000011
0111000110000011
0000000100000100
0001001110011100
0010000100000100
0011001110011100
0100100110000100
0101100110000100
0110100110000100
0111100110000100
1000101100111101
1001101100100101
1010001110010101
1011101100100101
1100101100111101
1101001100110101
1110000110000101
1111000110000101
1000001101100110
1001100100000110
1010001101100110
1011100111011110
1100001100110110
1101000110000110
1110000110000110
1111000110000110
0000001110011111
0001101100101111
0010101100110111
0011100110000111
0100100110000111
0101100110000111
0110100110000111
0111100110000111
